!                       nsss        nscpas      npcsas      npps        nppp        nseses      nsecsas     nscseas     nsecpas     npcseas     nscdas      ndcsas      npcdas      ndcpas      npcdap      ndcpap      nsecdas     ndcseas     ndds        nddp        nddd       bdeff   
'Ga'        'As'        3.640d0     3.582d0     3.582d0     2.045d0     4.126d0     0.000d0     0.000d0     0.000d0     1.712d0     1.712d0     1.954d0     1.954d0     1.827d0     1.827d0     1.651d0     1.651d0     2.000d0     2.000d0     2.000d0     2.000d0     2.000d0     8.582d0
'Ga'        'P'         3.379d0     3.360d0     3.360d0     2.124d0     3.927d0     0.000d0     0.000d0     0.000d0     1.819d0     1.819d0     1.971d0     1.971d0     1.832d0     1.832d0     1.837d0     1.837d0     2.000d0     2.000d0     2.000d0     2.000d0     2.000d0     9.114d0
'Ga'        'Sb'        5.106d0     3.760d0     3.760d0     1.652d0     4.274d0     0.000d0     0.000d0     0.000d0     1.934d0     1.934d0     1.925d0     1.925d0     1.689d0     1.689d0     1.491d0     1.491d0     1.937d0     1.937d0     2.000d0     2.000d0     2.000d0     4.649d0
                                                                                                                                                                                                                                                                                           
'Al'        'As'        3.120d0     3.727d0     3.727d0     2.036d0     3.998d0     0.000d0     0.000d0     0.000d0     2.000d0     2.000d0     1.857d0     1.857d0     1.651d0     1.651d0     1.724d0     1.724d0     1.911d0     1.911d0     1.969d0     2.000d0     2.000d0     9.897d0
'Al'        'P'         3.041d0     3.408d0     3.408d0     2.138d0     3.871d0     0.000d0     0.000d0     0.000d0     1.816d0     1.816d0     1.956d0     1.956d0     1.843d0     1.843d0     1.864d0     1.864d0     2.000d0     2.000d0     2.000d0     2.000d0     2.000d0     9.353d0
'Al'        'Sb'        3.239d0     3.568d0     3.568d0     1.464d0     3.177d0     0.000d0     0.000d0     0.000d0     1.775d0     1.775d0     1.766d0     1.766d0     1.535d0     1.535d0     1.187d0     1.187d0     2.000d0     2.000d0     2.000d0     2.000d0     2.000d0     5.643d0
                                                                                                                                                                                                                                                                                           
'In'        'As'        3.348d0     3.667d0     3.667d0     1.580d0     4.272d0     0.000d0     0.000d0     0.000d0     1.762d0     1.762d0     1.772d0     1.772d0     1.654d0     1.654d0     1.608d0     1.608d0     2.000d0     2.000d0     2.000d0     2.000d0     2.000d0     5.866d0
'In'        'P'         3.113d0     3.582d0     3.582d0     1.825d0     4.153d0     0.000d0     0.000d0     0.000d0     1.692d0     1.692d0     1.993d0     1.993d0     1.772d0     1.772d0     1.732d0     1.732d0     2.000d0     2.000d0     2.000d0     2.000d0     2.000d0     7.308d0
'In'        'Sb'        4.133d0     3.802d0     3.802d0     1.531d0     4.701d0     0.000d0     0.000d0     0.000d0     1.466d0     1.466d0     1.792d0     1.792d0     1.671d0     1.671d0     1.489d0     1.489d0     2.046d0     2.046d0     2.000d0     2.000d0     2.000d0     3.729d0
                                                                                                                                                                                                                                                                                           
'Cc'        'C'         3.660d0     3.550d0     3.550d0     2.160d0     3.730d0     0.000d0     0.000d0     0.000d0     1.920d0     1.920d0     1.970d0     1.970d0     1.820d0     1.820d0     2.080d0     2.080d0     2.000d0     2.000d0     2.000d0     2.000d0     2.000d0     6.571d0

'Sc'        'Si'        3.660d0     3.550d0     3.550d0     2.160d0     3.730d0     0.000d0     0.000d0     0.000d0     1.920d0     1.920d0     1.970d0     1.970d0     1.820d0     1.820d0     2.080d0     2.080d0     2.000d0     2.000d0     2.000d0     2.000d0     2.000d0     6.571d0
'Sc'        'Ge'        3.700d0     3.550d0     3.550d0     1.855d0     3.280d0     0.000d0     0.000d0     0.000d0     1.895d0     1.895d0     1.995d0     1.995d0     1.630d0     1.630d0     1.830d0     1.830d0     2.000d0     2.000d0     2.000d0     2.000d0     2.000d0     5.087d0
'Gc'        'Si'        3.700d0     3.550d0     3.550d0     1.855d0     3.280d0     0.000d0     0.000d0     0.000d0     1.895d0     1.895d0     1.995d0     1.995d0     1.630d0     1.630d0     1.830d0     1.830d0     2.000d0     2.000d0     2.000d0     2.000d0     2.000d0     4.464d0
'Gc'        'Ge'        3.740d0     3.550d0     3.550d0     1.550d0     2.830d0     0.000d0     0.000d0     0.000d0     1.870d0     1.870d0     2.020d0     2.020d0     1.440d0     1.440d0     1.580d0     1.580d0     2.000d0     2.000d0     2.000d0     2.000d0     2.000d0     3.162d0

'Zn'        'S'         2.000d0     2.000d0     2.000d0     2.000d0     2.000d0     2.000d0     2.000d0     2.000d0     2.000d0     2.000d0     2.000d0     2.000d0     2.000d0     2.000d0     2.000d0     2.000d0     2.000d0     2.000d0     2.000d0     2.000d0     2.000d0     0.000d0
'Zn'        'Se'        2.000d0     2.000d0     2.000d0     2.000d0     2.000d0     2.000d0     2.000d0     2.000d0     2.000d0     2.000d0     2.000d0     2.000d0     2.000d0     2.000d0     2.000d0     2.000d0     2.000d0     2.000d0     2.000d0     2.000d0     2.000d0     0.000d0
'Zn'        'Te'        2.000d0     2.000d0     2.000d0     2.000d0     2.000d0     2.000d0     2.000d0     2.000d0     2.000d0     2.000d0     2.000d0     2.000d0     2.000d0     2.000d0     2.000d0     2.000d0     2.000d0     2.000d0     2.000d0     2.000d0     2.000d0     0.000d0

'Cd'        'S'         2.000d0     2.000d0     2.000d0     2.000d0     2.000d0     2.000d0     2.000d0     2.000d0     2.000d0     2.000d0     2.000d0     2.000d0     2.000d0     2.000d0     2.000d0     2.000d0     2.000d0     2.000d0     2.000d0     2.000d0     2.000d0     0.000d0
'Cd'        'Se'        2.000d0     2.000d0     2.000d0     2.000d0     2.000d0     2.000d0     2.000d0     2.000d0     2.000d0     2.000d0     2.000d0     2.000d0     2.000d0     2.000d0     2.000d0     2.000d0     2.000d0     2.000d0     2.000d0     2.000d0     2.000d0     0.000d0
'Cd'        'Te'        0.000d0     0.000d0     0.000d0     0.000d0     0.000d0     0.000d0     0.000d0     0.000d0     0.000d0     0.000d0     0.000d0     0.000d0     0.000d0     0.000d0     0.000d0     0.000d0     0.000d0     0.000d0     0.000d0     0.000d0     0.000d0     0.000d0

'Hg'        'S'         2.000d0     2.000d0     2.000d0     2.000d0     2.000d0     2.000d0     2.000d0     2.000d0     2.000d0     2.000d0     2.000d0     2.000d0     2.000d0     2.000d0     2.000d0     2.000d0     2.000d0     2.000d0     2.000d0     2.000d0     2.000d0     0.000d0
'Hg'        'Se'        2.000d0     2.000d0     2.000d0     2.000d0     2.000d0     2.000d0     2.000d0     2.000d0     2.000d0     2.000d0     2.000d0     2.000d0     2.000d0     2.000d0     2.000d0     2.000d0     2.000d0     2.000d0     2.000d0     2.000d0     2.000d0     0.000d0
'Hg'        'Te'        0.000d0     0.000d0     0.000d0     0.000d0     0.000d0     0.000d0     0.000d0     0.000d0     0.000d0     0.000d0     0.000d0     0.000d0     0.000d0     0.000d0     0.000d0     0.000d0     0.000d0     0.000d0     0.000d0     0.000d0     0.000d0     0.000d0

'Vc'        'VV'        0.000d0     0.000d0     0.000d0     0.000d0     0.000d0     0.000d0     0.000d0     0.000d0     0.000d0     0.000d0     0.000d0     0.000d0     0.000d0     0.000d0     0.000d0     0.000d0     0.000d0     0.000d0     0.000d0     0.000d0     0.000d0     0.000d0

'Xc'        'XX'        0.000d0     0.000d0     0.000d0     0.000d0     0.000d0     0.000d0     0.000d0     0.000d0     0.000d0     0.000d0     0.000d0     0.000d0     0.000d0     0.000d0     0.000d0     0.000d0     0.000d0     0.000d0     0.000d0     0.000d0     0.000d0     0.000d0
'Xc'        'YY'        0.000d0     0.000d0     0.000d0     0.000d0     0.000d0     0.000d0     0.000d0     0.000d0     0.000d0     0.000d0     0.000d0     0.000d0     0.000d0     0.000d0     0.000d0     0.000d0     0.000d0     0.000d0     0.000d0     0.000d0     0.000d0     0.000d0
'Yc'        'XX'        0.000d0     0.000d0     0.000d0     0.000d0     0.000d0     0.000d0     0.000d0     0.000d0     0.000d0     0.000d0     0.000d0     0.000d0     0.000d0     0.000d0     0.000d0     0.000d0     0.000d0     0.000d0     0.000d0     0.000d0     0.000d0     0.000d0
'Yc'        'YY'        0.000d0     0.000d0     0.000d0     0.000d0     0.000d0     0.000d0     0.000d0     0.000d0     0.000d0     0.000d0     0.000d0     0.000d0     0.000d0     0.000d0     0.000d0     0.000d0     0.000d0     0.000d0     0.000d0     0.000d0     0.000d0     0.000d0
