!                     c11         c12             a         nc      na          Esc         Epc         Esec           Edct2       Edce           Esa         Epa         Esea        Edat2       Edae          Dav           sss         scpas       pcsas       pps         ppp         seses       secsas      scseas      secpas      pcseas       scdas       dcsas        pcdas        dcpas       pcdap       dcpap        secdas      dcseas        dds         ddp         ddd         so_p_c      so_p_a      so_d_c   so_d_a     so_ppca     Gammav    Gammac
'Ga'        'As'      1.2210d0     0.5380d0     5.6532d0    3d0     5d0      1.0565d0    7.8446d0    20.8813d0    14.5616d0    14.5616d0     -4.5226d0    5.0413d0   20.8813d0   14.5616d0    14.5616d0    -3.1307d0    -1.6187d0    2.9382d0    2.4912d0    4.4094d0    -1.4572d0   -3.6761d0   -1.5648d0   -1.9927d0   2.2086d0    2.1835d0    -2.4095d0    -2.7333d0    -1.8002d0    -1.7811d0    2.0709d0    1.7821d0    -0.6486d0   -0.6906d0    -1.1409d0    2.2030d0    -1.9770d0    0.0408d0    0.1824d0     0.0d0    0.00d0      0.00d0     1.46d0    2.98d0
'Ga'        'P'       1.4390d0     0.6520d0     5.4509d0    3d0     5d0      0.5890d0    7.3739d0    21.3847d0    15.0326d0    15.0326d0     -4.3484d0    4.3348d0   21.3847d0   15.0326d0    15.0326d0    -2.8072d0    -1.7049d0    2.9800d0    2.8074d0    4.1988d0    -1.4340d0   -3.5704d0   -1.6358d0   -1.6034d0   2.1482d0    2.3886d0    -2.3143d0    -2.7840d0    -1.8106d0    -1.7911d0    2.1308d0    1.8574d0    -0.6589d0   -0.6426d0    -1.2268d0    2.2752d0    -2.0124d0    0.0408d0    0.0301d0     0.0d0    0.00d0      0.00d0     0.99d0    3.88d0
'Ga'        'Sb'      0.9052d0     0.4113d0     6.0959d0    3d0     5d0      1.6287d0    8.4091d0    18.6678d0    13.6234d0    13.6234d0     -2.9296d0    6.1025d0   18.6678d0   13.6234d0    13.6234d0    -2.6110d0    -1.3671d0    2.7093d0    2.5624d0    4.4500d0    -1.6809d0   -3.2355d0   -1.6622d0   -1.9813d0   2.4596d0    3.0164d0    -2.4274d0    -2.6143d0    -2.2429d0    -2.0377d0    1.8670d0    1.9790d0    -0.8007d0   -0.8557d0    -1.2492d0    2.1970d0    -1.7451d0    0.0432d0    0.4552d0     0.0d0    0.00d0      0.00d0     2.03d0    2.84d0

'Al'        'As'      1.2020d0     0.5700d0     5.6600d0    3d0     5d0      1.9143d0    7.2955d0    20.4702d0    14.0139d0    14.0139d0     -5.0250d0    4.5395d0   20.4702d0   14.0139d0    14.0139d0    -0.4984d0    -1.7292d0    2.7435d0    2.5175d0    4.2460d0    -1.3398d0   -3.6094d0   -1.2688d0   -1.6167d0   2.1989d0    2.1190d0    -2.3869d0    -2.5535d0    -1.7601d0    -1.7240d0    2.0928d0    1.7776d0    -0.7442d0   -0.8064d0    -1.2175d0    2.1693d0    -1.7540d0    0.0072d0    0.1721d0     0.0d0    0.00d0      0.00d0     0.96d0    4.09d0
'Al'        'P'       1.3200d0     0.6300d0     5.4635d0    3d0     5d0      1.3977d0    6.7796d0    21.0367d0    14.6121d0    14.6121d0     -4.8951d0    3.7875d0   21.0367d0   14.6121d0    14.6121d0     0.2570d0    -1.7403d0    2.7804d0    2.6146d0    4.0355d0    -1.3077d0   -3.6444d0   -1.4307d0   -1.6448d0   2.3361d0    2.0632d0    -2.1687d0    -2.5253d0    -1.8239d0    -1.6750d0    2.1848d0    1.8760d0    -0.7211d0   -0.7810d0    -1.3479d0    2.3750d0    -1.8464d0    0.0073d0    0.0196d0     0.0d0    0.00d0      0.00d0     0.44d0    4.07d0
'Al'        'Sb'      0.8769d0     0.4341d0     6.1355d0    3d0     5d0      2.5614d0    7.9479d0    18.0266d0    13.0784d0    13.0784d0     -3.3472d0    5.6832d0   18.0266d0   13.0784d0    13.0784d0    -1.0872d0    -1.6179d0    2.9334d0    2.5918d0    4.1042d0    -1.5273d0   -3.3145d0   -1.2097d0   -1.6983d0   1.8889d0    2.4649d0    -2.0008d0    -2.7920d0    -1.9726d0    -1.9819d0    1.8364d0    2.1292d0    -0.7878d0   -0.7307d0    -1.1395d0    2.1206d0    -1.7260d0    0.0079d0    0.3912d0     0.0d0    0.00d0      0.00d0     1.61d0    3.99d0

'In'        'As'      0.8329d0     0.4526d0     6.0583d0    3d0     5d0      1.8500d0    8.0106d0    19.3578d0    13.7121d0    13.7121d0     -4.4634d0    5.0980d0   19.3578d0   13.7121d0    13.7121d0    -2.2533d0    -1.4789d0    2.8006d0    2.3159d0    4.1188d0    -1.3687d0   -3.8514d0   -1.2219d0   -2.1320d0   1.9012d0    2.6467d0    -2.4499d0    -2.5828d0    -2.0584d0    -2.1222d0    1.7106d0    1.5462d0    -0.8371d0   -0.8497d0    -1.2009d0    2.1820d0    -1.7788d0    0.1248d0    0.1763d0     0.0d0    0.00d0      0.00d0     1.52d0    1.93d0
'In'        'P'       1.0110d0     0.5610d0     5.8687d0    3d0     5d0      1.4338d0    7.5964d0    19.9737d0    13.8755d0    13.8755d0     -4.2322d0    4.4446d0   19.9737d0   13.8755d0    13.8755d0    -2.0672d0    -1.4010d0    2.6440d0    2.1660d0    4.0203d0    -1.2807d0   -3.6898d0   -1.2867d0   -1.8450d0   2.0521d0    2.5652d0    -2.2192d0    -2.5559d0    -1.8851d0    -1.9239d0    1.7763d0    1.5679d0    -0.8166d0   -0.7912d0    -1.2482d0    2.1487d0    -1.6857d0    0.1124d0    0.0228d0     0.0d0    0.00d0      0.00d0     1.10d0    2.52d0
'In'        'Sb'      0.6872d0     0.3753d0     6.4794d0    3d0     5d0      2.3566d0    8.5096d0    18.1841d0    13.2824d0    13.2824d0     -2.9350d0    6.0974d0   18.1841d0   13.2824d0    13.2824d0    -2.2028d0    -1.1290d0    2.6980d0    2.5362d0    4.1830d0    -1.4688d0   -3.2248d0   -1.8819d0   -2.0042d0   2.3471d0    2.7380d0    -2.3085d0    -2.5635d0    -2.1652d0    -2.1487d0    1.8491d0    1.8462d0    -0.8144d0   -0.7371d0    -1.3052d0    2.0784d0    -1.4118d0    0.1230d0    0.4495d0     0.0d0    0.00d0      0.00d0     2.02d0    2.25d0

'Cc'        'C'      10.790d0      1.240d0      3.5668d0    4d0     4d0     -1.0458d0    7.0850d0    38.2661d0    27.9267d0    27.9267d0     -1.0458d0    7.0850d0   38.2661d0   27.9267d0    27.9267d0    -1.2242d0    -4.3882d0    5.4951d0    5.4951d0    7.5480d0    -2.6363d0   -2.6737d0   -2.3899d0   -2.3899d0   5.1709d0    5.1709d0    -2.7655d0    -2.7655d0    -2.1621d0    -2.1621d0    3.9281d0    3.9281d0    -2.3034d0   -2.3034d0    -4.1813d0    4.9779d0    -3.9844d0    0.0024d0    0.0024d0     0.0d0    0.00d0      0.00d0     1.10d0    4.45d0

'Sc'        'Si'      1.6772d0     0.6498d0     5.430d0     4d0     4d0     -0.9333d0    6.1722d0    21.0751d0    15.9376d0    15.9376d0     -0.9333d0    6.1722d0   21.0751d0   15.9376d0    15.9376d0    -1.2242d0    -1.8885d0    2.9607d0    2.9607d0    4.3649d0    -1.6285d0   -3.6932d0   -1.5103d0   -1.5103d0   3.5346d0    3.5346d0    -2.5344d0    -2.5344d0    -2.2675d0    -2.2675d0    2.4736d0    2.4736d0    -2.0505d0   -2.0505d0    -1.5424d0    3.6059d0    -1.7157d0    0.0195d0    0.0195d0     0.0d0    0.00d0      0.00d0     1.10d0    4.45d0
'Sc'        'Ge'      1.4942d0     0.5711d0     5.5432d0    4d0     4d0     -0.9333d0    6.1722d0    21.0751d0    15.9376d0    15.9376d0     -1.5284d0    6.4243d0   20.9408d0   14.7826d0    14.7826d0    -1.1145d0    -1.6944d0    2.8796d0    2.8796d0    4.3095d0    -1.6397d0   -3.6481d0   -1.7154d0   -1.7154d0   3.1762d0    3.1762d0    -2.6686d0    -2.6686d0    -2.2406d0    -2.2406d0    2.1869d0    2.1869d0    -1.3357d0   -1.3357d0    -1.3798d0    3.0557d0    -1.9273d0    0.0760d0    0.0760d0     0.0d0    0.00d0      0.00d0     1.44d0    3.56d0
'Gc'        'Si'      1.4942d0     0.5711d0     5.5432d0    4d0     4d0     -1.5284d0    6.4243d0    20.9408d0    14.7826d0    14.7826d0     -0.9333d0    6.1722d0   21.0751d0   15.9376d0    15.9376d0    -1.1145d0    -1.6944d0    2.8796d0    2.8796d0    4.3095d0    -1.6397d0   -3.6481d0   -1.7154d0   -1.7154d0   3.1762d0    3.1762d0    -2.6686d0    -2.6686d0    -2.2406d0    -2.2406d0    2.1869d0    2.1869d0    -1.3357d0   -1.3357d0    -1.3798d0    3.0557d0    -1.9273d0    0.0760d0    0.0760d0     0.0d0    0.00d0      0.00d0     1.44d0    3.56d0
'Gc'        'Ge'      1.3112d0     0.4923d0     5.6563d0    4d0     4d0     -1.5284d0    6.4243d0    20.9408d0    14.7826d0    14.7826d0     -1.5284d0    6.4243d0   20.9408d0   14.7826d0    14.7826d0    -1.0047d0    -1.5003d0    2.7986d0    2.7986d0    4.2541d0    -1.6510d0   -3.6029d0   -1.9206d0   -1.9206d0   2.8177d0    2.8177d0    -2.8028d0    -2.8028d0    -2.2138d0    -2.2138d0    1.9001d0    1.9001d0    -0.6209d0   -0.6209d0    -1.2172d0    2.5054d0    -2.1389d0    0.1325d0    0.1325d0     0.0d0    0.00d0      0.00d0     1.77d0    2.67d0

'Zn'        'S'       1.0325d0     0.6465d0     5.4042d0    2d0     6d0     0.92000d0    8.4000d0    100.000d0    -5.8200d0    -6.2100d0     -10.330d0    2.4100d0   100.000d0   15.5400d0    13.6000d0     0.00000d0   -1.3500d0    2.4500d0    2.2500d0    4.7600d0    -0.8400d0    0.0000d0    0.0000d0    0.0000d0   0.0000d0    0.0000d0    -2.5900d0    -0.0500d0    -2.7800d0     1.3700d0    2.3100d0    -0.450d0     0.0000d0    0.0000d0     0.0000d0    0.0000d0     0.0000d0    0.0000d0    0.0000d0     0.0d0    0.00d0      0.00d0     0.00d0    3.85d0
'Zn'        'Se'      0.9290d0     0.5625d0     5.6687d0    2d0     6d0     0.74000d0    8.3800d0    100.000d0    -6.1600d0    -6.4700d0     -11.240d0    1.9300d0   100.000d0   16.4800d0    14.4800d0     0.00000d0   -1.0100d0    2.3300d0    1.8900d0    4.3700d0    -0.8300d0    0.0000d0    0.0000d0    0.0000d0   0.0000d0    0.0000d0    -2.7100d0    -0.0400d0    -2.7800d0     1.1900d0    2.4200d0    -0.390d0     0.0000d0    0.0000d0     0.0000d0    0.0000d0     0.0000d0    0.0000d0    0.0000d0     0.0d0    0.00d0      0.00d0     0.53d0    3.35d0
'Zn'        'Te'      0.7130d0     0.4070d0     6.1037d0    2d0     6d0     1.06000d0    7.2400d0    100.000d0    -6.9200d0    -7.2400d0     -10.680d0    2.2900d0   100.000d0   13.2300d0    12.2300d0     0.00000d0   -0.5400d0    2.2600d0    0.5200d0    4.0100d0    -0.9500d0    0.0000d0    0.0000d0    0.0000d0   0.0000d0    0.0000d0    -3.0500d0    -0.0000d0    -3.3600d0     1.2900d0    2.2700d0    -0.340d0     0.0000d0    0.0000d0     0.0000d0    0.0000d0     0.0000d0    0.0000d0    0.0000d0     0.0d0    0.00d0      0.00d0     1.26d0    3.65d0

'Cd'        'S'       0.8432d0     0.5212d0     5.8180d0    2d0     6d0     0.47000d0    7.9400d0    100.000d0    -6.8300d0    -7.4400d0     -10.580d0    1.4300d0   100.000d0   14.4300d0    13.1500d0     0.00000d0   -1.0200d0    2.1200d0    1.9900d0    4.1800d0    -0.6400d0    0.0000d0    0.0000d0    0.0000d0   0.0000d0    0.0000d0    -1.1400d0    -0.0000d0    -1.2900d0     1.7500d0    2.1500d0    -0.350d0     0.0000d0    0.0000d0     0.0000d0    0.0000d0     0.0000d0    0.0000d0    0.0000d0     0.0d0    0.00d0      0.00d0     0.18d0    2.73d0
'Cd'        'Se'      0.7490d0     0.4609d0     6.0520d0    2d0     6d0     0.30000d0    7.9100d0    100.000d0    -7.3100d0    -7.8100d0     -11.450d0    0.9300d0   100.000d0   15.2600d0    14.1000d0     0.00000d0   -0.7400d0    2.0600d0    1.6600d0    3.7000d0    -0.6700d0    0.0000d0    0.0000d0    0.0000d0   0.0000d0    0.0000d0    -1.2200d0    -0.0100d0    -1.0900d0     1.5200d0    2.3800d0    -0.320d0     0.0000d0    0.0000d0     0.0000d0    0.0000d0     0.0000d0    0.0000d0    0.0000d0     0.0d0    0.00d0      0.00d0     0.60d0    2.50d0
'Cd'        'Te'      0.5620d0     0.3940d0     6.4810d0    2d0     6d0     1.59940d0    10.110d0    100.000d0    -7.0130d0    -7.4630d0     -8.8194d0    0.6414d0   100.000d0   15.7870d0    11.5870d0     0.00000d0   -0.8999d0    1.9370d0    0.8015d0    2.6884d0    -0.6125d0    0.0000d0    0.0000d0    0.0000d0   0.0000d0    0.0000d0    -2.1100d0    -0.2600d0    -2.4200d0     1.5200d0    1.9000d0    -0.270d0     0.0000d0    0.0000d0     0.0000d0    0.0000d0     0.0000d0    0.0800d0    0.3400d0     0.0d0    0.00d0      0.00d0     1.13d0    2.72d0

'Hg'        'S'       0.8130d0     0.6220d0     5.8510d0    2d0     6d0    -2.03000d0    7.8900d0    100.000d0    -5.9900d0    -6.3100d0     -11.040d0    0.6900d0   100.000d0   14.8400d0    12.8700d0     0.00000d0   -1.0700d0    1.9200d0    1.8100d0    3.9300d0    -0.6900d0    0.0000d0    0.0000d0    0.0000d0   0.0000d0    0.0000d0    -0.9400d0    -0.7200d0    -1.3700d0     1.4500d0    2.0140d0    -0.590d0     0.0000d0    0.0000d0     0.0000d0    0.0000d0     0.0000d0    0.0000d0    0.0000d0     0.0d0    0.00d0      0.00d0     0.84d0    0.84d0
'Hg'        'Se'      0.6900d0     0.5190d0     6.0840d0    2d0     6d0    -2.05000d0    7.6800d0    100.000d0    -6.1500d0    -6.5300d0     -11.570d0    0.6600d0   100.000d0   15.6800d0    13.5400d0     0.00000d0   -0.9300d0    1.8500d0    1.8700d0    3.7500d0    -0.7100d0    0.0000d0    0.0000d0    0.0000d0   0.0000d0    0.0000d0    -1.4000d0    -0.5400d0    -1.4500d0     1.4200d0    2.2100d0    -0.500d0     0.0000d0    0.0000d0     0.0000d0    0.0000d0     0.0000d0    0.0000d0    0.0000d0     0.0d0    0.00d0      0.00d0     1.07d0    0.87d0
'Hg'        'Te'      0.5920d0     0.4140d0     6.4611d0    2d0     6d0     0.32740d0    7.9638d0    100.000d0    -5.7739d0    -6.0739d0     -8.3570d0    1.7606d0   100.000d0   13.9661d0    12.7961d0     0.00000d0   -0.7400d0    1.8089d0    0.6826d0    2.9003d0    -0.5502d0    0.0000d0    0.0000d0    0.0000d0   0.0000d0    0.0000d0    -1.7900d0    -0.5200d0    -1.7300d0     1.2900d0    1.8200d0    -0.310d0     0.0000d0    0.0000d0     0.0000d0    0.0000d0     0.0000d0    0.2650d0    0.3750d0     0.0d0    0.00d0      0.00d0     1.53d0    1.24d0

'Vc'        'VV'      1.2090d0     0.5470d0     5.6530d0    0d0     0d0     50.0000d0    50.0000d0   50.0000d0    50.0000d0    50.0000d0    -50.0000d0   -50.000d0  -50.0000d0  -50.0000d0   -50.0000d0     0.00000d0    0.0000d0    0.0000d0    0.0000d0    0.0000d0     0.0000d0    0.0000d0    0.0000d0    0.0000d0   0.0000d0    0.0000d0     0.0000d0     0.0000d0     0.0000d0     0.0000d0    0.0000d0    0.0000d0     0.0000d0    0.0000d0     0.0000d0    0.0000d0     0.0000d0    0.0000d0    0.0000d0     0.0d0    0.00d0      0.00d0   -50.00d0   50.00d0

'Xc'        'XX'      0d0          0d0          1d0         4d0     4d0      2d0          4d0         6d0          5d0          5d0            2d0         4d0        6d0         5d0          5d0           0d0         -0.3125d0    0.6468d0    0.6468d0    0.875d0     -0.625d0    -0.9375d0   -0.3248d0    -0.3248d0  0.0d0       0.0d0        -0.4312d0    -0.4312d0    -0.3062d0    -0.3062d0   0.5303d0    0.5303d0     0.0d0       0.0d0        -0.25d0     0.75d0       -0.75d0     0d0         0d0          0d0      0d0         0d0        0d0       0d0
'Xc'        'YY'      0d0          0d0          1d0         0d0     0d0      0d0          0d0         0d0          0d0          0d0            0d0         0d0        0d0         0d0          0d0           0d0         0d0          0d0         0d0         0d0         0d0         0d0         0d0          0d0        0d0         0d0          0d0          0d0          0d0          0d0         0d0         0d0          0d0         0d0          0d0         0d0          0d0         0d0         0d0          0d0      0d0         0d0        0d0       0d0
'Yc'        'XX'      0d0          0d0          1d0         0d0     0d0      0d0          0d0         0d0          0d0          0d0            0d0         0d0        0d0         0d0          0d0           0d0         0d0          0d0         0d0         0d0         0d0         0d0         0d0          0d0        0d0         0d0          0d0          0d0          0d0          0d0         0d0         0d0          0d0         0d0          0d0         0d0          0d0         0d0         0d0          0d0      0d0         0d0        0d0       0d0
'Yc'        'YY'      0d0          0d0          1d0         4d0     4d0      1.9378d0     3.9491d0    6.0733d0     4.9823d0     4.9823d0       1.9378d0    3.9491d0   6.0733d0    4.9823d0     4.9823d0      0d0         -0.3214d0    0.5836d0    0.5836d0    0.8526d0    -0.5977d0   -0.9317d0   -0.3093d0    -0.3093d0  0.2199d0    0.2199d0     -0.3837d0    -0.3837d0    -0.1849d0    -0.1849d0   0.6230d0    0.6230d0     -0.0198d0   -0.0198d0    -0.2311d0   0.7309d0     -0.7248d0   0d0         0d0          0d0      0d0         0d0        0d0       0d0
